{
 "cells": [
  {
   "cell_type": "markdown",
   "metadata": {},
   "source": [
    "# Model Training- Ridge, Lasso and Elastic Net REgression"
   ]
  },
  {
   "cell_type": "code",
   "execution_count": 3,
   "metadata": {},
   "outputs": [],
   "source": [
    "import pandas as pd\n",
    "import numpy as np\n",
    "import seaborn as sns\n",
    "import matplotlib.pyplot as plt\n",
    "%matplotlib inline"
   ]
  },
  {
   "cell_type": "code",
   "execution_count": 4,
   "metadata": {},
   "outputs": [],
   "source": [
    "dataset=pd.read_csv(\"Algerian_forest_fires_cleaned_dataset.csv\")"
   ]
  },
  {
   "cell_type": "code",
   "execution_count": 8,
   "metadata": {},
   "outputs": [
    {
     "data": {
      "text/html": [
       "<div>\n",
       "<style scoped>\n",
       "    .dataframe tbody tr th:only-of-type {\n",
       "        vertical-align: middle;\n",
       "    }\n",
       "\n",
       "    .dataframe tbody tr th {\n",
       "        vertical-align: top;\n",
       "    }\n",
       "\n",
       "    .dataframe thead th {\n",
       "        text-align: right;\n",
       "    }\n",
       "</style>\n",
       "<table border=\"1\" class=\"dataframe\">\n",
       "  <thead>\n",
       "    <tr style=\"text-align: right;\">\n",
       "      <th></th>\n",
       "      <th>day</th>\n",
       "      <th>month</th>\n",
       "      <th>year</th>\n",
       "      <th>Temperature</th>\n",
       "      <th>RH</th>\n",
       "      <th>Ws</th>\n",
       "      <th>Rain</th>\n",
       "      <th>FFMC</th>\n",
       "      <th>DMC</th>\n",
       "      <th>DC</th>\n",
       "      <th>ISI</th>\n",
       "      <th>BUI</th>\n",
       "      <th>FWI</th>\n",
       "      <th>Classes</th>\n",
       "      <th>Region</th>\n",
       "    </tr>\n",
       "  </thead>\n",
       "  <tbody>\n",
       "    <tr>\n",
       "      <th>0</th>\n",
       "      <td>1</td>\n",
       "      <td>6</td>\n",
       "      <td>2012</td>\n",
       "      <td>29</td>\n",
       "      <td>57</td>\n",
       "      <td>18</td>\n",
       "      <td>0.0</td>\n",
       "      <td>65.7</td>\n",
       "      <td>3.4</td>\n",
       "      <td>7.6</td>\n",
       "      <td>1.3</td>\n",
       "      <td>3.4</td>\n",
       "      <td>0.5</td>\n",
       "      <td>not fire</td>\n",
       "      <td>0</td>\n",
       "    </tr>\n",
       "    <tr>\n",
       "      <th>1</th>\n",
       "      <td>2</td>\n",
       "      <td>6</td>\n",
       "      <td>2012</td>\n",
       "      <td>29</td>\n",
       "      <td>61</td>\n",
       "      <td>13</td>\n",
       "      <td>1.3</td>\n",
       "      <td>64.4</td>\n",
       "      <td>4.1</td>\n",
       "      <td>7.6</td>\n",
       "      <td>1.0</td>\n",
       "      <td>3.9</td>\n",
       "      <td>0.4</td>\n",
       "      <td>not fire</td>\n",
       "      <td>0</td>\n",
       "    </tr>\n",
       "    <tr>\n",
       "      <th>2</th>\n",
       "      <td>3</td>\n",
       "      <td>6</td>\n",
       "      <td>2012</td>\n",
       "      <td>26</td>\n",
       "      <td>82</td>\n",
       "      <td>22</td>\n",
       "      <td>13.1</td>\n",
       "      <td>47.1</td>\n",
       "      <td>2.5</td>\n",
       "      <td>7.1</td>\n",
       "      <td>0.3</td>\n",
       "      <td>2.7</td>\n",
       "      <td>0.1</td>\n",
       "      <td>not fire</td>\n",
       "      <td>0</td>\n",
       "    </tr>\n",
       "    <tr>\n",
       "      <th>3</th>\n",
       "      <td>4</td>\n",
       "      <td>6</td>\n",
       "      <td>2012</td>\n",
       "      <td>25</td>\n",
       "      <td>89</td>\n",
       "      <td>13</td>\n",
       "      <td>2.5</td>\n",
       "      <td>28.6</td>\n",
       "      <td>1.3</td>\n",
       "      <td>6.9</td>\n",
       "      <td>0.0</td>\n",
       "      <td>1.7</td>\n",
       "      <td>0.0</td>\n",
       "      <td>not fire</td>\n",
       "      <td>0</td>\n",
       "    </tr>\n",
       "    <tr>\n",
       "      <th>4</th>\n",
       "      <td>5</td>\n",
       "      <td>6</td>\n",
       "      <td>2012</td>\n",
       "      <td>27</td>\n",
       "      <td>77</td>\n",
       "      <td>16</td>\n",
       "      <td>0.0</td>\n",
       "      <td>64.8</td>\n",
       "      <td>3.0</td>\n",
       "      <td>14.2</td>\n",
       "      <td>1.2</td>\n",
       "      <td>3.9</td>\n",
       "      <td>0.5</td>\n",
       "      <td>not fire</td>\n",
       "      <td>0</td>\n",
       "    </tr>\n",
       "  </tbody>\n",
       "</table>\n",
       "</div>"
      ],
      "text/plain": [
       "   day  month  year  Temperature  RH  Ws  Rain  FFMC  DMC    DC  ISI  BUI  \\\n",
       "0    1      6  2012           29  57  18   0.0  65.7  3.4   7.6  1.3  3.4   \n",
       "1    2      6  2012           29  61  13   1.3  64.4  4.1   7.6  1.0  3.9   \n",
       "2    3      6  2012           26  82  22  13.1  47.1  2.5   7.1  0.3  2.7   \n",
       "3    4      6  2012           25  89  13   2.5  28.6  1.3   6.9  0.0  1.7   \n",
       "4    5      6  2012           27  77  16   0.0  64.8  3.0  14.2  1.2  3.9   \n",
       "\n",
       "   FWI   Classes  Region  \n",
       "0  0.5  not fire       0  \n",
       "1  0.4  not fire       0  \n",
       "2  0.1  not fire       0  \n",
       "3  0.0  not fire       0  \n",
       "4  0.5  not fire       0  "
      ]
     },
     "execution_count": 8,
     "metadata": {},
     "output_type": "execute_result"
    }
   ],
   "source": [
    "dataset.head()"
   ]
  },
  {
   "cell_type": "code",
   "execution_count": 9,
   "metadata": {},
   "outputs": [],
   "source": [
    "df_copy=dataset\n",
    "df_copy['Classes']=np.where(df_copy['Classes'].str.contains('not fire'),0,1)"
   ]
  },
  {
   "cell_type": "code",
   "execution_count": 11,
   "metadata": {},
   "outputs": [
    {
     "data": {
      "text/html": [
       "<div>\n",
       "<style scoped>\n",
       "    .dataframe tbody tr th:only-of-type {\n",
       "        vertical-align: middle;\n",
       "    }\n",
       "\n",
       "    .dataframe tbody tr th {\n",
       "        vertical-align: top;\n",
       "    }\n",
       "\n",
       "    .dataframe thead th {\n",
       "        text-align: right;\n",
       "    }\n",
       "</style>\n",
       "<table border=\"1\" class=\"dataframe\">\n",
       "  <thead>\n",
       "    <tr style=\"text-align: right;\">\n",
       "      <th></th>\n",
       "      <th>day</th>\n",
       "      <th>month</th>\n",
       "      <th>year</th>\n",
       "      <th>Temperature</th>\n",
       "      <th>RH</th>\n",
       "      <th>Ws</th>\n",
       "      <th>Rain</th>\n",
       "      <th>FFMC</th>\n",
       "      <th>DMC</th>\n",
       "      <th>DC</th>\n",
       "      <th>ISI</th>\n",
       "      <th>BUI</th>\n",
       "      <th>FWI</th>\n",
       "      <th>Classes</th>\n",
       "      <th>Region</th>\n",
       "    </tr>\n",
       "  </thead>\n",
       "  <tbody>\n",
       "    <tr>\n",
       "      <th>day</th>\n",
       "      <td>1.000000</td>\n",
       "      <td>-0.000369</td>\n",
       "      <td>NaN</td>\n",
       "      <td>0.097227</td>\n",
       "      <td>-0.076034</td>\n",
       "      <td>0.047812</td>\n",
       "      <td>-0.112523</td>\n",
       "      <td>0.224956</td>\n",
       "      <td>0.491514</td>\n",
       "      <td>0.527952</td>\n",
       "      <td>0.180543</td>\n",
       "      <td>0.517117</td>\n",
       "      <td>0.350781</td>\n",
       "      <td>0.202840</td>\n",
       "      <td>0.000821</td>\n",
       "    </tr>\n",
       "    <tr>\n",
       "      <th>month</th>\n",
       "      <td>-0.000369</td>\n",
       "      <td>1.000000</td>\n",
       "      <td>NaN</td>\n",
       "      <td>-0.056781</td>\n",
       "      <td>-0.041252</td>\n",
       "      <td>-0.039880</td>\n",
       "      <td>0.034822</td>\n",
       "      <td>0.017030</td>\n",
       "      <td>0.067943</td>\n",
       "      <td>0.126511</td>\n",
       "      <td>0.065608</td>\n",
       "      <td>0.085073</td>\n",
       "      <td>0.082639</td>\n",
       "      <td>0.024004</td>\n",
       "      <td>0.001857</td>\n",
       "    </tr>\n",
       "    <tr>\n",
       "      <th>year</th>\n",
       "      <td>NaN</td>\n",
       "      <td>NaN</td>\n",
       "      <td>NaN</td>\n",
       "      <td>NaN</td>\n",
       "      <td>NaN</td>\n",
       "      <td>NaN</td>\n",
       "      <td>NaN</td>\n",
       "      <td>NaN</td>\n",
       "      <td>NaN</td>\n",
       "      <td>NaN</td>\n",
       "      <td>NaN</td>\n",
       "      <td>NaN</td>\n",
       "      <td>NaN</td>\n",
       "      <td>NaN</td>\n",
       "      <td>NaN</td>\n",
       "    </tr>\n",
       "    <tr>\n",
       "      <th>Temperature</th>\n",
       "      <td>0.097227</td>\n",
       "      <td>-0.056781</td>\n",
       "      <td>NaN</td>\n",
       "      <td>1.000000</td>\n",
       "      <td>-0.651400</td>\n",
       "      <td>-0.284510</td>\n",
       "      <td>-0.326492</td>\n",
       "      <td>0.676568</td>\n",
       "      <td>0.485687</td>\n",
       "      <td>0.376284</td>\n",
       "      <td>0.603871</td>\n",
       "      <td>0.459789</td>\n",
       "      <td>0.566670</td>\n",
       "      <td>0.516015</td>\n",
       "      <td>0.269555</td>\n",
       "    </tr>\n",
       "    <tr>\n",
       "      <th>RH</th>\n",
       "      <td>-0.076034</td>\n",
       "      <td>-0.041252</td>\n",
       "      <td>NaN</td>\n",
       "      <td>-0.651400</td>\n",
       "      <td>1.000000</td>\n",
       "      <td>0.244048</td>\n",
       "      <td>0.222356</td>\n",
       "      <td>-0.644873</td>\n",
       "      <td>-0.408519</td>\n",
       "      <td>-0.226941</td>\n",
       "      <td>-0.686667</td>\n",
       "      <td>-0.353841</td>\n",
       "      <td>-0.580957</td>\n",
       "      <td>-0.432161</td>\n",
       "      <td>-0.402682</td>\n",
       "    </tr>\n",
       "    <tr>\n",
       "      <th>Ws</th>\n",
       "      <td>0.047812</td>\n",
       "      <td>-0.039880</td>\n",
       "      <td>NaN</td>\n",
       "      <td>-0.284510</td>\n",
       "      <td>0.244048</td>\n",
       "      <td>1.000000</td>\n",
       "      <td>0.171506</td>\n",
       "      <td>-0.166548</td>\n",
       "      <td>-0.000721</td>\n",
       "      <td>0.079135</td>\n",
       "      <td>0.008532</td>\n",
       "      <td>0.031438</td>\n",
       "      <td>0.032368</td>\n",
       "      <td>-0.069964</td>\n",
       "      <td>-0.181160</td>\n",
       "    </tr>\n",
       "    <tr>\n",
       "      <th>Rain</th>\n",
       "      <td>-0.112523</td>\n",
       "      <td>0.034822</td>\n",
       "      <td>NaN</td>\n",
       "      <td>-0.326492</td>\n",
       "      <td>0.222356</td>\n",
       "      <td>0.171506</td>\n",
       "      <td>1.000000</td>\n",
       "      <td>-0.543906</td>\n",
       "      <td>-0.288773</td>\n",
       "      <td>-0.298023</td>\n",
       "      <td>-0.347484</td>\n",
       "      <td>-0.299852</td>\n",
       "      <td>-0.324422</td>\n",
       "      <td>-0.379097</td>\n",
       "      <td>-0.040013</td>\n",
       "    </tr>\n",
       "    <tr>\n",
       "      <th>FFMC</th>\n",
       "      <td>0.224956</td>\n",
       "      <td>0.017030</td>\n",
       "      <td>NaN</td>\n",
       "      <td>0.676568</td>\n",
       "      <td>-0.644873</td>\n",
       "      <td>-0.166548</td>\n",
       "      <td>-0.543906</td>\n",
       "      <td>1.000000</td>\n",
       "      <td>0.603608</td>\n",
       "      <td>0.507397</td>\n",
       "      <td>0.740007</td>\n",
       "      <td>0.592011</td>\n",
       "      <td>0.691132</td>\n",
       "      <td>0.769492</td>\n",
       "      <td>0.222241</td>\n",
       "    </tr>\n",
       "    <tr>\n",
       "      <th>DMC</th>\n",
       "      <td>0.491514</td>\n",
       "      <td>0.067943</td>\n",
       "      <td>NaN</td>\n",
       "      <td>0.485687</td>\n",
       "      <td>-0.408519</td>\n",
       "      <td>-0.000721</td>\n",
       "      <td>-0.288773</td>\n",
       "      <td>0.603608</td>\n",
       "      <td>1.000000</td>\n",
       "      <td>0.875925</td>\n",
       "      <td>0.680454</td>\n",
       "      <td>0.982248</td>\n",
       "      <td>0.875864</td>\n",
       "      <td>0.585658</td>\n",
       "      <td>0.192089</td>\n",
       "    </tr>\n",
       "    <tr>\n",
       "      <th>DC</th>\n",
       "      <td>0.527952</td>\n",
       "      <td>0.126511</td>\n",
       "      <td>NaN</td>\n",
       "      <td>0.376284</td>\n",
       "      <td>-0.226941</td>\n",
       "      <td>0.079135</td>\n",
       "      <td>-0.298023</td>\n",
       "      <td>0.507397</td>\n",
       "      <td>0.875925</td>\n",
       "      <td>1.000000</td>\n",
       "      <td>0.508643</td>\n",
       "      <td>0.941988</td>\n",
       "      <td>0.739521</td>\n",
       "      <td>0.511123</td>\n",
       "      <td>-0.078734</td>\n",
       "    </tr>\n",
       "    <tr>\n",
       "      <th>ISI</th>\n",
       "      <td>0.180543</td>\n",
       "      <td>0.065608</td>\n",
       "      <td>NaN</td>\n",
       "      <td>0.603871</td>\n",
       "      <td>-0.686667</td>\n",
       "      <td>0.008532</td>\n",
       "      <td>-0.347484</td>\n",
       "      <td>0.740007</td>\n",
       "      <td>0.680454</td>\n",
       "      <td>0.508643</td>\n",
       "      <td>1.000000</td>\n",
       "      <td>0.644093</td>\n",
       "      <td>0.922895</td>\n",
       "      <td>0.735197</td>\n",
       "      <td>0.263197</td>\n",
       "    </tr>\n",
       "    <tr>\n",
       "      <th>BUI</th>\n",
       "      <td>0.517117</td>\n",
       "      <td>0.085073</td>\n",
       "      <td>NaN</td>\n",
       "      <td>0.459789</td>\n",
       "      <td>-0.353841</td>\n",
       "      <td>0.031438</td>\n",
       "      <td>-0.299852</td>\n",
       "      <td>0.592011</td>\n",
       "      <td>0.982248</td>\n",
       "      <td>0.941988</td>\n",
       "      <td>0.644093</td>\n",
       "      <td>1.000000</td>\n",
       "      <td>0.857973</td>\n",
       "      <td>0.586639</td>\n",
       "      <td>0.089408</td>\n",
       "    </tr>\n",
       "    <tr>\n",
       "      <th>FWI</th>\n",
       "      <td>0.350781</td>\n",
       "      <td>0.082639</td>\n",
       "      <td>NaN</td>\n",
       "      <td>0.566670</td>\n",
       "      <td>-0.580957</td>\n",
       "      <td>0.032368</td>\n",
       "      <td>-0.324422</td>\n",
       "      <td>0.691132</td>\n",
       "      <td>0.875864</td>\n",
       "      <td>0.739521</td>\n",
       "      <td>0.922895</td>\n",
       "      <td>0.857973</td>\n",
       "      <td>1.000000</td>\n",
       "      <td>0.719216</td>\n",
       "      <td>0.197102</td>\n",
       "    </tr>\n",
       "    <tr>\n",
       "      <th>Classes</th>\n",
       "      <td>0.202840</td>\n",
       "      <td>0.024004</td>\n",
       "      <td>NaN</td>\n",
       "      <td>0.516015</td>\n",
       "      <td>-0.432161</td>\n",
       "      <td>-0.069964</td>\n",
       "      <td>-0.379097</td>\n",
       "      <td>0.769492</td>\n",
       "      <td>0.585658</td>\n",
       "      <td>0.511123</td>\n",
       "      <td>0.735197</td>\n",
       "      <td>0.586639</td>\n",
       "      <td>0.719216</td>\n",
       "      <td>1.000000</td>\n",
       "      <td>0.162347</td>\n",
       "    </tr>\n",
       "    <tr>\n",
       "      <th>Region</th>\n",
       "      <td>0.000821</td>\n",
       "      <td>0.001857</td>\n",
       "      <td>NaN</td>\n",
       "      <td>0.269555</td>\n",
       "      <td>-0.402682</td>\n",
       "      <td>-0.181160</td>\n",
       "      <td>-0.040013</td>\n",
       "      <td>0.222241</td>\n",
       "      <td>0.192089</td>\n",
       "      <td>-0.078734</td>\n",
       "      <td>0.263197</td>\n",
       "      <td>0.089408</td>\n",
       "      <td>0.197102</td>\n",
       "      <td>0.162347</td>\n",
       "      <td>1.000000</td>\n",
       "    </tr>\n",
       "  </tbody>\n",
       "</table>\n",
       "</div>"
      ],
      "text/plain": [
       "                  day     month  year  Temperature        RH        Ws  \\\n",
       "day          1.000000 -0.000369   NaN     0.097227 -0.076034  0.047812   \n",
       "month       -0.000369  1.000000   NaN    -0.056781 -0.041252 -0.039880   \n",
       "year              NaN       NaN   NaN          NaN       NaN       NaN   \n",
       "Temperature  0.097227 -0.056781   NaN     1.000000 -0.651400 -0.284510   \n",
       "RH          -0.076034 -0.041252   NaN    -0.651400  1.000000  0.244048   \n",
       "Ws           0.047812 -0.039880   NaN    -0.284510  0.244048  1.000000   \n",
       "Rain        -0.112523  0.034822   NaN    -0.326492  0.222356  0.171506   \n",
       "FFMC         0.224956  0.017030   NaN     0.676568 -0.644873 -0.166548   \n",
       "DMC          0.491514  0.067943   NaN     0.485687 -0.408519 -0.000721   \n",
       "DC           0.527952  0.126511   NaN     0.376284 -0.226941  0.079135   \n",
       "ISI          0.180543  0.065608   NaN     0.603871 -0.686667  0.008532   \n",
       "BUI          0.517117  0.085073   NaN     0.459789 -0.353841  0.031438   \n",
       "FWI          0.350781  0.082639   NaN     0.566670 -0.580957  0.032368   \n",
       "Classes      0.202840  0.024004   NaN     0.516015 -0.432161 -0.069964   \n",
       "Region       0.000821  0.001857   NaN     0.269555 -0.402682 -0.181160   \n",
       "\n",
       "                 Rain      FFMC       DMC        DC       ISI       BUI  \\\n",
       "day         -0.112523  0.224956  0.491514  0.527952  0.180543  0.517117   \n",
       "month        0.034822  0.017030  0.067943  0.126511  0.065608  0.085073   \n",
       "year              NaN       NaN       NaN       NaN       NaN       NaN   \n",
       "Temperature -0.326492  0.676568  0.485687  0.376284  0.603871  0.459789   \n",
       "RH           0.222356 -0.644873 -0.408519 -0.226941 -0.686667 -0.353841   \n",
       "Ws           0.171506 -0.166548 -0.000721  0.079135  0.008532  0.031438   \n",
       "Rain         1.000000 -0.543906 -0.288773 -0.298023 -0.347484 -0.299852   \n",
       "FFMC        -0.543906  1.000000  0.603608  0.507397  0.740007  0.592011   \n",
       "DMC         -0.288773  0.603608  1.000000  0.875925  0.680454  0.982248   \n",
       "DC          -0.298023  0.507397  0.875925  1.000000  0.508643  0.941988   \n",
       "ISI         -0.347484  0.740007  0.680454  0.508643  1.000000  0.644093   \n",
       "BUI         -0.299852  0.592011  0.982248  0.941988  0.644093  1.000000   \n",
       "FWI         -0.324422  0.691132  0.875864  0.739521  0.922895  0.857973   \n",
       "Classes     -0.379097  0.769492  0.585658  0.511123  0.735197  0.586639   \n",
       "Region      -0.040013  0.222241  0.192089 -0.078734  0.263197  0.089408   \n",
       "\n",
       "                  FWI   Classes    Region  \n",
       "day          0.350781  0.202840  0.000821  \n",
       "month        0.082639  0.024004  0.001857  \n",
       "year              NaN       NaN       NaN  \n",
       "Temperature  0.566670  0.516015  0.269555  \n",
       "RH          -0.580957 -0.432161 -0.402682  \n",
       "Ws           0.032368 -0.069964 -0.181160  \n",
       "Rain        -0.324422 -0.379097 -0.040013  \n",
       "FFMC         0.691132  0.769492  0.222241  \n",
       "DMC          0.875864  0.585658  0.192089  \n",
       "DC           0.739521  0.511123 -0.078734  \n",
       "ISI          0.922895  0.735197  0.263197  \n",
       "BUI          0.857973  0.586639  0.089408  \n",
       "FWI          1.000000  0.719216  0.197102  \n",
       "Classes      0.719216  1.000000  0.162347  \n",
       "Region       0.197102  0.162347  1.000000  "
      ]
     },
     "execution_count": 11,
     "metadata": {},
     "output_type": "execute_result"
    }
   ],
   "source": [
    "df_copy.corr()"
   ]
  },
  {
   "cell_type": "code",
   "execution_count": 5,
   "metadata": {},
   "outputs": [],
   "source": [
    "def correlation(dataset,threshold):\n",
    "    col_corr=set()\n",
    "    corr_matrix=dataset.corr()\n",
    "    for i in range(len(corr_matrix.columns)):\n",
    "        for j in range(i):\n",
    "            if abs(corr_matrix.iloc[i,j]) > threshold:\n",
    "                colname=corr_matrix.columns[i]\n",
    "                col_corr.add(colname)\n",
    "    return col_corr"
   ]
  },
  {
   "cell_type": "code",
   "execution_count": 15,
   "metadata": {},
   "outputs": [],
   "source": [
    "##threshold-Domain expertise\n",
    "corr_features=correlation(df_copy,0.85)"
   ]
  },
  {
   "cell_type": "code",
   "execution_count": 16,
   "metadata": {},
   "outputs": [
    {
     "data": {
      "text/plain": [
       "{'BUI', 'DC', 'FWI'}"
      ]
     },
     "execution_count": 16,
     "metadata": {},
     "output_type": "execute_result"
    }
   ],
   "source": [
    "corr_features"
   ]
  },
  {
   "cell_type": "code",
   "execution_count": null,
   "metadata": {},
   "outputs": [],
   "source": []
  },
  {
   "cell_type": "markdown",
   "metadata": {},
   "source": [
    "## Check for multicollinearity"
   ]
  },
  {
   "cell_type": "code",
   "execution_count": null,
   "metadata": {},
   "outputs": [],
   "source": [
    "plt.figure(figsize=(12,10))\n",
    "corr=X_train.corr()\n",
    "sns.heatmap(corr,annot=True)"
   ]
  }
 ],
 "metadata": {
  "kernelspec": {
   "display_name": "Python 3",
   "language": "python",
   "name": "python3"
  },
  "language_info": {
   "codemirror_mode": {
    "name": "ipython",
    "version": 3
   },
   "file_extension": ".py",
   "mimetype": "text/x-python",
   "name": "python",
   "nbconvert_exporter": "python",
   "pygments_lexer": "ipython3",
   "version": "3.12.2"
  }
 },
 "nbformat": 4,
 "nbformat_minor": 2
}
